-0.559615236979	0.0	0.0	-0.449365104172	-0.0929396589377	-0.184630318025	0.0	0.502883387442	0.330129754143	0.278878433798	0.0314888114512	0.0	0.0294298456757	0.0	0.0258348768232	0.0	0.0	0.0	0.00012829284726	
-0.29183694036	0.0	0.0	-0.290758476989	0.00204277853044	-0.135490023142	0.0	-0.402143974845	-0.263861358686	-0.232199932125	0.49646014786	0.0	0.487865694029	0.0	0.205385352108	0.0	0.0	0.0	-0.000911433586725	
0.00577390322993	0.0	0.0	-0.373460225189	0.372982792421	-0.194030434064	0.0	-0.177615086818	-0.115878002022	-0.106027385127	-0.403079615279	0.0	-0.366132856239	0.0	0.575314433331	0.0	0.0	0.0	-0.000608911520479	
-0.319782255925	0.0	0.0	0.353237407156	-0.66078125605	0.16879637632	0.0	-0.0690307922814	-0.031000739125	-0.0416018723431	-0.127751673358	0.0	-0.11379111105	0.0	0.520684714793	0.0	0.0	0.0	0.000258583726916	
0.00282393086262	0.0	0.0	0.000466269068688	0.0052229650272	-0.000760721813673	0.0	0.00687499660929	0.643636830453	-0.765098480362	0.00453039657148	0.0	-0.00731585898837	0.0	-0.0140919143585	0.0	0.0	0.0	-4.31754401664e-05	
0.101970862924	0.0	0.0	0.248506749721	-0.200506982853	-0.937778854108	0.0	-0.0055371940279	-0.0304899183525	-0.0241401505453	-0.0239698529364	0.0	-0.0279643653095	0.0	-0.0728798967957	0.0	0.0	0.0	0.00174000906624	
0.147002369163	0.0	0.0	0.0724701441939	0.0699810562965	-0.0320000010783	0.0	-0.490134969488	0.623079521445	0.517583802071	0.163068147377	0.0	0.0492113087732	0.0	0.204538822523	0.0	0.0	0.0	-0.00381566607654	
-0.172508733403	0.0	0.0	-0.157916610764	-0.147050777333	0.0101435455513	0.0	-0.266178663639	-0.0560664192966	-0.0360921957008	0.420018517858	0.0	-0.764276305657	0.0	-0.294221344522	0.0	0.0	0.0	0.0343374586918	
-0.00550694063699	0.0	0.0	-0.0144302453548	-0.0156828169929	-0.000438802853573	0.0	-0.0157209509392	-0.00359044848631	-0.00264074602439	0.00161918581374	0.0	-0.0231875208244	0.0	-0.0200356836604	0.0	0.0	0.0	-0.999152928067	
0.320426493348	0.0	0.0	-0.571300835719	-0.565038680356	0.0277353385352	0.0	-0.238547301736	0.0167298384136	0.0097505358862	-0.351264331038	0.0	0.132152250216	0.0	-0.228856168219	0.0	0.0	0.0	0.0199621974729	
-0.578696381943	0.0	0.0	0.175336901154	0.171300160904	-0.00937988520565	0.0	-0.425162197204	0.0118513618082	0.00902062840899	-0.49674037851	0.0	0.0934977712156	0.0	-0.410318390535	0.0	0.0	0.0	0.00984897588839	
0.0	1.0	0.0	0.0	0.0	0.0	0.0	0.0	0.0	0.0	0.0	0.0	0.0	0.0	0.0	0.0	0.0	0.0	0.0	
0.0	0.0	1.0	0.0	0.0	0.0	0.0	0.0	0.0	0.0	0.0	0.0	0.0	0.0	0.0	0.0	0.0	0.0	0.0	
0.0	0.0	0.0	0.0	0.0	0.0	1.0	0.0	0.0	0.0	0.0	0.0	0.0	0.0	0.0	0.0	0.0	0.0	0.0	
0.0	0.0	0.0	0.0	0.0	0.0	0.0	0.0	0.0	0.0	0.0	1.0	0.0	0.0	0.0	0.0	0.0	0.0	0.0	
0.0	0.0	0.0	0.0	0.0	0.0	0.0	0.0	0.0	0.0	0.0	0.0	0.0	1.0	0.0	0.0	0.0	0.0	0.0	
0.0	0.0	0.0	0.0	0.0	0.0	0.0	0.0	0.0	0.0	0.0	0.0	0.0	0.0	0.0	1.0	0.0	0.0	0.0	
0.0	0.0	0.0	0.0	0.0	0.0	0.0	0.0	0.0	0.0	0.0	0.0	0.0	0.0	0.0	0.0	1.0	0.0	0.0	
0.0	0.0	0.0	0.0	0.0	0.0	0.0	0.0	0.0	0.0	0.0	0.0	0.0	0.0	0.0	0.0	0.0	1.0	0.0	
