0.449680976132	0.0	0.0	0.255715581581	0.182406825535	0.237917076334	0.0	-0.595998169575	-0.394322155632	-0.333779619931	0.0911556373227	0.0	0.0943552684645	0.0	0.0565197981164	0.0	0.0	0.0	-0.000637264891311	
-0.429826873815	0.0	0.0	-0.285002332209	-0.141243383951	-0.271736514928	0.0	-0.242876734618	-0.154710849344	-0.143117348911	0.511304269025	0.0	0.496664866998	0.0	0.169460036497	0.0	0.0	0.0	-0.0004709989196	
-0.112440524476	0.0	0.0	-0.292008505563	0.172991196209	-0.271211394381	0.0	-0.180174238493	-0.111995396627	-0.109821400062	-0.388683341761	0.0	-0.35167547345	0.0	0.683220002321	0.0	0.0	0.0	-0.000413971277105	
-0.267128190794	0.0	0.0	0.425479636467	-0.673472738873	0.378715287678	0.0	-0.0373273507882	-0.0180334683851	-0.0154154603592	-0.0673780452701	0.0	-0.0582897169165	0.0	0.375133430241	0.0	0.0	0.0	0.000231137679739	
-0.00188060863341	0.0	0.0	-0.00547150090636	0.000414555124613	-0.00636388322841	0.0	-0.00778188969472	-0.64290235192	0.76572028053	-0.00289538335546	0.0	0.00719054159896	0.0	0.0124187667829	0.0	0.0	0.0	-4.79167239116e-05	
-0.120426750602	0.0	0.0	-0.0176852622083	-0.112108136773	-0.0898901790567	0.0	0.478415229929	-0.624390119096	-0.516976490425	-0.163690512391	0.0	-0.0617506760019	0.0	-0.218867573828	0.0	0.0	0.0	0.00406954630028	
0.342574947896	0.0	0.0	0.0660747613604	-0.55277640554	-0.666392671266	0.0	-0.234459239008	0.029847670044	0.0234497872169	-0.049866216928	0.0	-0.164347179246	0.0	-0.206071106861	0.0	0.0	0.0	0.0161783021962	
-0.273833253183	0.0	0.0	-0.173339162142	-0.0166724339061	0.168737588852	0.0	-0.236147238013	-0.0579708732948	-0.0386748728085	0.427461242695	0.0	-0.743096606288	0.0	-0.26524469507	0.0	0.0	0.0	0.0180617239425	
0.0178827087253	0.0	0.0	-0.0166951529192	-0.000209134465304	0.0175334317682	0.0	0.014342791277	0.00222283962341	0.00172054795235	0.00255479405478	0.0	0.015970096423	0.0	0.0175230239762	0.0	0.0	0.0	0.999155529108	
-0.221571696792	0.0	0.0	-0.41728756378	-0.186675510267	0.260912044442	0.0	-0.402003509485	0.00823081794349	0.00410983431035	-0.567087134929	0.0	0.184423326665	0.0	-0.395664379841	0.0	0.0	0.0	0.00356216117637	
0.522277075771	0.0	0.0	-0.614750876001	-0.331708685273	0.321743711681	0.0	0.224611010859	-0.0139917103699	-0.0123484587037	0.202575879243	0.0	0.00365302649656	0.0	0.206977048396	0.0	0.0	0.0	-0.0327133012894	
0.0	1.0	0.0	0.0	0.0	0.0	0.0	0.0	0.0	0.0	0.0	0.0	0.0	0.0	0.0	0.0	0.0	0.0	0.0	
0.0	0.0	1.0	0.0	0.0	0.0	0.0	0.0	0.0	0.0	0.0	0.0	0.0	0.0	0.0	0.0	0.0	0.0	0.0	
0.0	0.0	0.0	0.0	0.0	0.0	1.0	0.0	0.0	0.0	0.0	0.0	0.0	0.0	0.0	0.0	0.0	0.0	0.0	
0.0	0.0	0.0	0.0	0.0	0.0	0.0	0.0	0.0	0.0	0.0	1.0	0.0	0.0	0.0	0.0	0.0	0.0	0.0	
0.0	0.0	0.0	0.0	0.0	0.0	0.0	0.0	0.0	0.0	0.0	0.0	0.0	1.0	0.0	0.0	0.0	0.0	0.0	
0.0	0.0	0.0	0.0	0.0	0.0	0.0	0.0	0.0	0.0	0.0	0.0	0.0	0.0	0.0	1.0	0.0	0.0	0.0	
0.0	0.0	0.0	0.0	0.0	0.0	0.0	0.0	0.0	0.0	0.0	0.0	0.0	0.0	0.0	0.0	1.0	0.0	0.0	
0.0	0.0	0.0	0.0	0.0	0.0	0.0	0.0	0.0	0.0	0.0	0.0	0.0	0.0	0.0	0.0	0.0	1.0	0.0	
